1.217298 1.104531 1 1000 1000 100
1.058819 0.982370 2 1000 1000 100
0.480558 0.389492 4 1000 1000 100
0.489261 0.426237 8 1000 1000 100
0.978369 0.892355 16 1000 1000 100
4.658499 4.433867 1 2000 2000 100
3.084935 2.851408 2 2000 2000 100
1.878540 1.656700 4 2000 2000 100
1.298092 1.054284 8 2000 2000 100
1.574328 1.340344 16 2000 2000 100
18.560957 17.769662 1 4000 4000 100
9.843478 9.059959 2 4000 4000 100
5.838692 5.048641 4 4000 4000 100
4.524331 3.736095 8 4000 4000 100
3.948377 3.143786 16 4000 4000 100
74.243987 71.306155 1 8000 8000 100
39.145728 36.110716 2 8000 8000 100
25.537952 22.559773 4 8000 8000 100
17.543936 14.528036 8 8000 8000 100
11.494529 8.431302 16 8000 8000 100
295.961424 284.350143 1 16000 16000 100
154.880710 143.072477 2 16000 16000 100
85.843082 74.122153 4 16000 16000 100
50.116715 38.451077 8 16000 16000 100
38.447236 26.739922 16 16000 16000 100
