1.216152 1.020091 1 1000 1000 100
0.580804 0.557509 2 1000 1000 100
0.327829 0.297036 4 1000 1000 100
1.265542 0.128130 8 1000 1000 100
1.263274 0.065914 16 1000 1000 100
4.205677 4.004075 1 2000 2000 100
2.119248 2.025275 2 2000 2000 100
1.151364 1.026908 4 2000 2000 100
4.687145 0.547231 8 2000 2000 100
6.901391 0.396684 16 2000 2000 100
16.778027 16.022892 1 4000 4000 100
8.453683 8.060745 2 4000 4000 100
4.395546 4.101353 4 4000 4000 100
4.517865 2.506072 8 4000 4000 100
4.930343 2.912146 16 4000 4000 100
67.315648 64.177279 1 8000 8000 100
34.790342 33.141331 2 8000 8000 100
19.782680 17.415553 4 8000 8000 100
19.635606 14.091851 8 8000 8000 100
19.346228 12.308820 16 8000 8000 100
277.222099 257.568191 1 16000 16000 100
146.729968 127.764827 2 16000 16000 100
84.639338 65.695021 4 16000 16000 100
106.419555 45.273882 8 16000 16000 100
84.192740 49.349969 16 16000 16000 100
