1.371041 1.109176 1 1000 1000 100
0.617023 0.545871 2 1000 1000 100
0.388316 0.320801 4 1000 1000 100
0.407202 0.337753 8 1000 1000 100
0.371405 0.304178 16 1000 1000 100
4.606125 4.262742 1 2000 2000 100
2.360748 2.092245 2 2000 2000 100
1.499450 1.229191 4 2000 2000 100
1.542756 1.280225 8 2000 2000 100
1.114520 0.860855 16 2000 2000 100
18.049546 16.766696 1 4000 4000 100
9.252965 8.255491 2 4000 4000 100
5.365334 4.371954 4 4000 4000 100
5.173290 4.118273 8 4000 4000 100
4.684262 3.672337 16 4000 4000 100
70.633456 65.330355 1 8000 8000 100
37.301890 32.996900 2 8000 8000 100
22.549829 17.965746 4 8000 8000 100
18.314956 13.998891 8 8000 8000 100
16.983051 12.689562 16 8000 8000 100
288.098630 266.779502 1 16000 16000 100
154.942885 133.382521 2 16000 16000 100
90.260730 68.058535 4 16000 16000 100
74.398878 52.905022 8 16000 16000 100
70.231537 48.519457 16 16000 16000 100
