1.205291 1.072063 1 1000 1000 100
0.866211 0.769005 2 1000 1000 100
0.339483 0.275987 4 1000 1000 100
0.294625 0.195554 8 1000 1000 100
0.248350 0.162324 16 1000 1000 100
4.526865 4.304738 1 2000 2000 100
2.632331 2.415688 2 2000 2000 100
1.406918 1.177944 4 2000 2000 100
0.816195 0.599781 8 2000 2000 100
0.595728 0.389002 16 2000 2000 100
18.016486 17.237143 1 4000 4000 100
9.501214 8.710068 2 4000 4000 100
5.590100 4.796998 4 4000 4000 100
3.292569 2.530750 8 4000 4000 100
2.091219 1.298316 16 4000 4000 100
72.080942 69.231919 1 8000 8000 100
38.190660 35.222688 2 8000 8000 100
20.705027 17.782921 4 8000 8000 100
12.307933 9.388753 8 8000 8000 100
8.566376 5.650578 16 8000 8000 100
287.282992 276.179990 1 16000 16000 100
150.406647 139.015976 2 16000 16000 100
82.102543 70.945327 4 16000 16000 100
48.315627 37.277404 8 16000 16000 100
34.973492 23.843979 16 16000 16000 100
